0 0 12 1 0 1 2 1 0
0 4 אע 7 ךאק¸גא 19 3 16 tkacheva_headman 1 0
1
2 6 מכטםא 7 אגנמגא 20 8 -22-04 15 ןמכטםא@ןמקעא.נף 3
3
4 4 ונא 9 ףככאנמג 20 8 -22-07 17 דמרטכטמ@ךנףעמי.נף 2
5 6 טךטעא 8 סוםךמג 29 2
6 5 אעס 5 ונהע 20 2
7 3 ם 8 דאםוסם 20 3
8
9 3 ם 8 לטנםמגא 20 8 -22-05 13 ןמקעא.אסס2205 2
10 4 טלא 6 וענמג 20 2
11 5 כטםא 7 לטנמגא 20 2
12 4 דמנ 5 טעמג 20 2
13 4 כאה 6 ךףכמג 20 2
14 89 אאאאאאאאאאאאאאאאאאאאאאאאאאאאאאאאאאאאאאאאאאאאאאאאאאאאאאאאאאאאאאאאאאאאאאאאאאאאאאאאאאאאאאאאא 112 בבבבבבבבבבבבבבבבבבבבבבבבבבבבבבבבבבבבבבבבבבבבבבבבבבבבבבבבבבבבבבבבבבבבבבבבבבבבבבבבבבבבבבבבבבבבבבבבבבבבבבבבבבבבבבבב 20
